200
1 59766.6667 21366.6667
2 59816.6667 22966.6667
3 59816.6667 23066.6667
4 59833.3333 21616.6667
5 59833.3333 22950.0000
6 59833.3333 23083.3333
7 59833.3333 23200.0000
8 59850.0000 22433.3333
9 59866.6667 22450.0000
10 59866.6667 22483.3333
11 59866.6667 22500.0000
12 59866.6667 23400.0000
13 59883.3333 22516.6667
14 59883.3333 23100.0000
15 59883.3333 23400.0000
16 59883.3333 23700.0000
17 59900.0000 23116.6667
18 59900.0000 23250.0000
19 59900.0000 23300.0000
20 59900.0000 23350.0000
21 59900.0000 23450.0000
22 59900.0000 23483.3333
23 59916.6667 20900.0000
24 59916.6667 20916.6667
25 59916.6667 21883.3333
26 59916.6667 22416.6667
27 59916.6667 23033.3333
28 59916.6667 23166.6667
29 59916.6667 23383.3333
30 59916.6667 23516.6667
31 59933.3333 20883.3333
32 59933.3333 20900.0000
33 59933.3333 20966.6667
34 59933.3333 20983.3333
35 59933.3333 22400.0000
36 59933.3333 22900.0000
37 59933.3333 22983.3333
38 59933.3333 23150.0000
39 59933.3333 23233.3333
40 59933.3333 23300.0000
41 59933.3333 23366.6667
42 59933.3333 23550.0000
43 59933.3333 23600.0000
44 59933.3333 23700.0000
45 59933.3333 23716.6667
46 59933.3333 23766.6667
47 59950.0000 20883.3333
48 59950.0000 20950.0000
49 59950.0000 21000.0000
50 59950.0000 21766.6667
51 59950.0000 22366.6667
52 59950.0000 22716.6667
53 59950.0000 22866.6667
54 59950.0000 22966.6667
55 59950.0000 23050.0000
56 59950.0000 23383.3333
57 59950.0000 23416.6667
58 59950.0000 23466.6667
59 59950.0000 23500.0000
60 59950.0000 23650.0000
61 59950.0000 23950.0000
62 59966.6667 22433.3333
63 59966.6667 22533.3333
64 59966.6667 22616.6667
65 59966.6667 22900.0000
66 59966.6667 22916.6667
67 59966.6667 22950.0000
68 59966.6667 22983.3333
69 59966.6667 23166.6667
70 59966.6667 23233.3333
71 59966.6667 23433.3333
72 59966.6667 23700.0000
73 59966.6667 23866.6667
74 59966.6667 23883.3333
75 59983.3333 21300.0000
76 59983.3333 22816.6667
77 59983.3333 22833.3333
78 59983.3333 23033.3333
79 59983.3333 23133.3333
80 59983.3333 23200.0000
81 59983.3333 23266.6667
82 59983.3333 23300.0000
83 59983.3333 23400.0000
84 59983.3333 23416.6667
85 59983.3333 23483.3333
86 59983.3333 23566.6667
87 59983.3333 23616.6667
88 59983.3333 23650.0000
89 59983.3333 23750.0000
90 59983.3333 23783.3333
91 59983.3333 23883.3333
92 59983.3333 23900.0000
93 59988.3333 24442.2222
94 59994.7222 24474.1667
95 60000.0000 20316.6667
96 60000.0000 20366.6667
97 60000.0000 20383.3333
98 60000.0000 20416.6667
99 60000.0000 22550.0000
100 60000.0000 23033.3333
101 60000.0000 23050.0000
102 60000.0000 23066.6667
103 60000.0000 23100.0000
104 60000.0000 23150.0000
105 60000.0000 23166.6667
106 60000.0000 23233.3333
107 60000.0000 23333.3333
108 60000.0000 23416.6667
109 60000.0000 23566.6667
110 60000.0000 23650.0000
111 60000.0000 24450.0000
112 60010.0000 24478.6111
113 60016.6667 20333.3333
114 60016.6667 20416.6667
115 60016.6667 21116.6667
116 60016.6667 22400.0000
117 60016.6667 22666.6667
118 60016.6667 22833.3333
119 60016.6667 22883.3333
120 60016.6667 23083.3333
121 60016.6667 23166.6667
122 60016.6667 23200.0000
123 60016.6667 23300.0000
124 60016.6667 23333.3333
125 60016.6667 23450.0000
126 60016.6667 23616.6667
127 60016.6667 23700.0000
128 60016.6667 23816.6667
129 60016.6667 23933.3333
130 60016.6667 24483.3333
131 60016.6667 24516.6667
132 60016.9444 20131.6667
133 60019.7222 24461.6667
134 60033.3333 20166.6667
135 60033.3333 20383.3333
136 60033.3333 20516.6667
137 60033.3333 20566.6667
138 60033.3333 20583.3333
139 60033.3333 20833.3333
140 60033.3333 22433.3333
141 60033.3333 22516.6667
142 60033.3333 22600.0000
143 60033.3333 22683.3333
144 60033.3333 22700.0000
145 60033.3333 22866.6667
146 60033.3333 22966.6667
147 60033.3333 23066.6667
148 60033.3333 23116.6667
149 60033.3333 23216.6667
150 60033.3333 23300.0000
151 60033.3333 23333.3333
152 60033.3333 23383.3333
153 60033.3333 23433.3333
154 60033.3333 23533.3333
155 60033.3333 23683.3333
156 60033.3333 23833.3333
157 60033.3333 24000.0000
158 60033.3333 24116.6667
159 60033.3333 24350.0000
160 60033.3333 24416.6667
161 60033.3333 24516.6667
162 60036.3889 24054.7222
163 60036.9444 24384.4444
164 60038.3333 24485.2778
165 60047.5000 24444.7222
166 60048.3333 24032.5000
167 60050.0000 19983.3333
168 60050.0000 20183.3333
169 60050.0000 20450.0000
170 60050.0000 20483.3333
171 60050.0000 20550.0000
172 60050.0000 20566.6667
173 60050.0000 21800.0000
174 60050.0000 22466.6667
175 60050.0000 22616.6667
176 60050.0000 22683.3333
177 60050.0000 22716.6667
178 60050.0000 22900.0000
179 60050.0000 23083.3333
180 60050.0000 23166.6667
181 60050.0000 23216.6667
182 60050.0000 23400.0000
183 60050.0000 23650.0000
184 60050.0000 23716.6667
185 60050.0000 23850.0000
186 60050.0000 23966.6667
187 60050.0000 23983.3333
188 60050.0000 24016.6667
189 60050.0000 24050.0000
190 60050.0000 24066.6667
191 60050.0000 24366.6667
192 60050.0000 24450.0000
193 60050.0000 24466.6667
194 60050.0000 24483.3333
195 60052.7778 24248.6111
196 60053.8889 24424.4444
197 60054.1667 24455.0000
198 60055.0000 24519.4444
199 60056.3889 24394.7222
200 60057.7778 24092.7778